65
4
94
33
41
92
47
72
60
27
44
92
99
45
93
14
63
72
65
94
25
30
42
48
55
18
93
93
27
34
48
63
93
6
53
90
17
64
65
66
51
49
14
44
60
56
94
89
73
17
8
55
55
69
31
36
62
46
77
24
99
54
45
26
79
80
99
94
91
4
96
98
8
99
44
76
16
98
88
99
24
4
20
10
26
93
9
24
75
18
28
71
87
42
66
96
4
87
65
79
57
1
97
69
21
10
47
55
26
54
20
64
57
78
99
95
35
35
1
85
71
75
19
74
76
25
12
66
33
47
72
29
33
10
42
23
7
50
89
17
46
53
98
22
97
64
14
9
42
71
61
68
87
79
8
81
82
24
93
95
97
81
23
78
81
91
31
48
36
76
89
85
46
84
40
19
77
97
76
13
11
3
25
62
86
5
41
54
2
61
41
82
56
93
19
65
31
21
40
7
33
66
73
65
81
76
23
4
40
89
5
84
48
81
84
94
56
60
91
77
50
76
46
74
36
7
29
52
65
74
87
56
58
69
79
45
30
60
80
10
81
38
15
13
56
57
35
74
9
25
9
71
29
62
56
57
20
98
30
74
47
70
39
65
2
48
27
78
3
40
65
96
79
82
96
13
61
34
19
78
71
54
44
40
65
17
28
95
13
23
26
31
31
6
63
12
99
50
11
8
30
57
72
69
60
13
91
47
66
44
95
86
80
51
3
92
26
98
99
85
21
31
65
80
15
34
66
73
19
84
14
12
23
11
49
15
82
75
80
53
25
80
30
69
27
39
51
79
3
70
85
1
50
25
86
99
91
92
55
27
46
18
28
81
31
83
63
70
2
88
11
51
19
47
60
41
2
96
53
75
82
86
70
49
99
13
61
97
24
50
24
89
21
53
7
8
53
49
39
43
75
81
78
15
59
34
82
4
65
46
98
95
40
79
44
59
47
79
82
18
22
66
46
52
65
21
31
65
40
53
88
52
58
10
1
2
9
56
89
65
31
58
33
77
52
28
50
41
10
48
61
74
66
22
21
10
35
26
50
39
4
17
64
12
58
46
38
30
79
43
51
91
89
17
86
64
33
69
1
37
70
89
56
92
92
15
86
37
88
90
66
83
6
51
62
15
94
21
19
7
90
21
62
66
97
70
84
50
35
57
76
66
26
14
68
14
61
71
20
44
59
2
42
88
76
67
85
39
55
71
70
12
50
94
46
50
28
89
95
23
30
37
2
31
14
1
58
92
83
48
54
23
2
75
47
89
79
74
89
30
84
46
94
64
87
65
16
31
67
18
86
71
76
97
14
23
99
11
74
76
10
92
55
7
18
47
11
74
47
57
71
53
1
66
38
84
42
37
44
49
84
27
26
65
62
82
46
5
61
24
89
69
99
14
20
92
90
87
46
40
55
42
83
11
46
33
71
11
60
30
81
63
66
25
92
83
66
89
45
35
1
7
14
24
67
3
54
87
46
45
93
54
91
4
94
43
43
16
20
29
12
36
44
32
42
27
3
75
21
36
26
1
43
11
40
48
29
60
43
44
79
84
64
15
36
27
71
63
31
50
41
51
70
16
24
65
62
82
81
40
1
79
66
11
19
93
12
80
64
46
15
83
72
75
50
27
71
29
95
16
55
40
44
71
95
74
30
27
86
74
86
47
78
3
44
99
19
54
96
43
16
90
98
84
36
58
79
94
65
96
94
33
86
66
85
60
35
94
15
44
63
84
93
89
60
67
5
69
32
50
9
17
33
52
99
65
41
60
36
38
95
36
62
90
80
54
60
13
18
83
65
24
40
52
80
32
96
10
25
68
53
11
62
15
88
77
99
35
66
20
20
74
58
77
49
28
23
4
9
6
8
92
51
49
85
84
77
81
72
68
68
31
36
68
84
84
73
47
2
4
54
26
46
97
64
90
66
62
3
52
9
93
2
19
60
61
60
14
30
4
1
18
62
97
52
88
39
90
93
64
55
76
3
6
51
82
46
53
85
94
19
15
78
20
60
74
30
17
8
23
25
59
17
98
3
36
63
48
46
75
52
76
69
39
97
33
91
96
67
78
16
7
28
36
85
86
40
43
38
77
59
22
82
70
40
95
59
4
3
16
19
97
8
10
42
43
45
40
22
27
83
34
50
30
8
18
32
81
13
17
96
21
11
68
17
30
93
99
98
3
73
87
93
52
60
18
99
18
93
42
41
99
21
12
93
25
72
52
63
22
64
78
91
85
19
97
87
39
93
13
49
46
41
20
53
96
40
97
70
89
